21231001000368
21252001000367
21285001000192
22023001000125
22355001000709
23083001000310
23108001000398
23108001000418
23164001000146
23243001000815
23248001000219
23269001000243
23315001000028
23335001000512
23338001000310
23345001000694
23345001000701
23345001000703
23355001000091
23361001000223
23361001000563
23363001000184
23364001000111
24002001000626
24003001000052
24003001000061
24004001000514
24004001000618
24004001000637
24008001000166
24008001000293
24008001000364
24008001000432
24008001000715
24008001000739
24009001000053
24009001000224
24009001000560
24009001000787
24010001000267
24011001000538
24014001000122
24015001000593
24016001000612
24016001000800
24017001000211
24017001000626
24022001000866
24025001000781
24026001000070
24026001000102
24026001000735
24028001000079
24028001000087
24029001000168
24029001000216
24030001000375
24030001000627
24030001000634
24030001000811
24030001000850
24031001000214
24031001000591
24032001000260
24032001000550
24033001000016
24033001000018
24036001000557
24037001000695
24038001000740
24039001000937
24040001000544
24042001000036
24042001000056
24043001000175
24044001000876
24045001000436
24045001000529
24045001000537
24045001001108
24045001001149
24046001000526
24046001000821
24047001000226
24047001000810
24047001000866
24049001000038
24051001000073
24051001000268
24051001000390
24052001000074
24052001000095
24053001000116
24053001000122
24053001000134
24053001000765
24054001000201
24054001000511
24057001000031
24057001000130
24057001000266
24057001000554
24058001001166
24059001000061
24059001000721
24059001000801
24060001000299
24060001000527
24060001000534
24060001000538
24060001000547
24061001000704
24061001000982
24062001000158
24063001000056
24064001000490
24065001000071
24065001000704
24065001000738
24066001000504
24066001000939
24067001000281
24067001000299
24067001000551
24067001000785
24068001000236
24068001000250
24068001000486
24068001000791
24068001000798
24071001000521
24072001000147
24072001000485
24072001000750
24073001000020
24073001000112
24073001000159
24073001000845
24074001000826
24080001000306
24080001000315
24080001000378
24080001000429
24080001000858
24080001000981
24081001000035
24081001000380
24081001000411
24081001000885
24081001000894
24081001000898
24081001000915
24081001000919
24082001000637
24082001000699
24082001000929
24083001000001
24084001000044
24085001000822
24085001001089
24085001001139
24086001000504
24087001000356
24087001000361
24087001000363
24087001000581
24087001000686
24087001000875
24087001000923
24087001000992
24087001001160
24088001000578
24088001000666
24088001000893
24089001000127
24089001000531
24092001000126
24093001000468
24093001000482
24093001000624
24093001000926
24093001000978
24094001000867
24094001001073
24095001000513
24096001000902
24096001000910
24097001000022
24099001000556
24100001000349
24100001000747
24100001000755
24101001000355
24101001000605
24106001000468
24106001000954
24107001000093
24107001000096
24107001000729
24107001000737
24108001000070
24108001000135
24108001000144
24108001001009
24109001000718
24109001000721
24113001000131
24113001000392
24114001000004
24114001000692
24115001000179
24115001000239
24115001000335
24117001000257
24120001000303
24120001000311
24120001000708
24120001000823
24121001000290
24121001000429
24121001000521
24121001000653
24121001000884
24122001000324
24122001000406
24122001000587
24123001000048
24123001000481
24124001000169
24124001000208
24124001000496
24124001000835
24127001000750
24127001000781
24128001000046
24129001000670
24129001000681
24129001000759
24129001000892
24131001000167
24131001000582
24134001000466
24134001000696
24136001000071
24136001000166
24136001000508
24136001000707
24137001000461
24137001000636
24138001000044
24138001000264
24138001000463
24138001000512
24138001000628
24138001000659
24141001000048
24141001000082
24141001000460
24141001000678
24141001000832
24142001001034
24143001000555
24144001000776
24144001000954
24144001001025
24145001000511
24150001000781
24150001000937
24150001000942
24151001000033
24151001000345
24151001000514
24151001000744
24151001000987
24152001000007
24154001000098
24155001000294
24155001000942
24156001001014
24157001000447
24158001000154
24159001000156
24159001000209
24159001000237
24162001000118
24162001000632
24162001000636
24162001000641
24162001000730
24162001000817
24163001000675
24164001000067
24164001000852
24165001000043
24165001000051
24165001000185
24165001000824
24165001001006
24166001000164
24169001000044
24169001000141
24169001000538
24170001000352
24171001000418
24171001000430
24172001000262
24172001000555
24174001000011
24174001000013
24174001000018
24176001000327
24176001000572
24178001000310
24178001000312
24178001000313
24178001000515
24178001000543
24178001000738
24179001000272
24180001000442
24180001000509
24182001000051
24183001000125
24183001000232
24184001000091
24184001000492
24187001000174
24187001000321
24190001000239
24190001000401
24190001000468
24190001000691
24191001000146
24191001000175
24191001000853
24192001000823
24192001000961
24193001000690
24193001000866
24193001000876
24193001000881
24194001000284
24194001000289
24194001000548
24195001000032
24197001000422
24197001000708
24197001000839
24198001000209
24199001000783
24199001000817
24200001000746
24200001001024
24205001000067
24205001000537
24206001000653
24207001000085
24207001000987
24208001000090
24208001000730
24208001000732
24212001000063
24212001000238
24212001000381
24213001000231
24213001000246
24213001000394
24214001000662
24214001000786
24218001000862
24219001000232
24219001000254
24219001000407
24219001000579
24220001000142
24220001000149
24220001000536
24222001000205
24222001000338
24226001000757
24226001000765
24228001000600
24229001000318
24233001000296
24233001000468
24233001000490
24237001000142
24238001000063
24239001000222
24239001000271
24239001000334
24239001000589
24239001000908
24240001000421
24241001000330
24241001000631
24242001000379
24243001000053
24243001000150
24243001000206
24247001000177
24247001000537
24248001000111
24249001000032
24249001000044
24249001000050
24249001000134
24249001000645
24250001000102
24250001000262
24250001000287
24251001000089
24255001000093
24255001000552
24256001000179
24256001000218
24259001000130
24260001000101
24260001000175
24260001000389
24260001000531
24261001000400
24261001000805
24261001000933
24262001000281
24262001000438
24262001000640
24262001000667
24262001000672
24263001000413
24264001000233
24264001000334
24266001000065
24267001000459
24268001000275
24268001000687
24269001000281
24269001000829
24270001000050
24270001000846
24271001000147
24271001000416
24274001000460
24274001000461
24274001000462
24274001000681
24275001000683
24277001000205
24281001000163
24281001000271
24281001000292
24281001000309
24282001000117
24282001000297
24282001000303
24282001000305
24282001000307
24282001000950
24283001000692
24285001000581
24286001000009
24287001000021
24289001000052
24289001000054
24289001000679
24290001000493
24291001000324
24291001000443
24292001000137
24292001000530
24292001000592
24293001000072
24294001000086
24294001000089
24294001000114
24295001000171
24295001000487
24295001000746
24296001000875
24296001000900
24297001000470
24297001000884
24298001000251
24298001000351
24298001000372
24298001000633
24303001000123
24303001000133
24303001000388
24303001000389
24303001000700
24303001000759
24304001000501
24305001000057
24305001000080
24305001000423
24305001000636
24305001000727
24306001000119
24306001000595
24309001000493
24309001000600
24310001000112
24310001000198
24310001000232
24310001000302
24310001000797
24311001000206
24311001000584
24311001000652
24313001000390
24313001000690
24316001000260
24316001000353
24316001000714
24317001000389
24318001000191
24319001000462
24319001000790
24319001000793
24319001000796
24324001000172
24324001000319
24324001000822
24325001000888
24327001000655
24329001000107
24329001000109
24329001000110
24331001000220
24331001000225
24331001000671
24331001000683
24331001000688
24331001000704
24331001000748
24333001000086
24337001000797
24338001000118
24338001000137
24338001000797
24338001000949
24339001000728
24339001000838
24340001000194
24341001000163
24341001000431
24344001000631
24344001000715
24344001000720
24345001000015
24346001000703
24347001000455
24348001000083
24348001000084
24348001000423
24348001000533
24351001000227
24352001000186
24352001000526
24353001000546
24353001000816
24353001001052
24354001000043
24355001000410
24355001000415
24355001000419
24356001000063
24357001000012
21210001000878
22008001000159
22008001000160
22008001000167
22032001001017
22032001001018
22032001001020
22032001001024
22032001001030
22153001000434
23052001000032
23076001000679
24019001000519
24262001000547
24327001000219
24345001000431
24355001000546
24355001000689
24355001000698
24355001000702
24363001000031
25001001000001
25002001000042
25006001000121
25007001000325
25008001000150
25009001000041
25009001000348
25010001000177
25010001000654
25011001000049
25012001000058
25013001000229
25013001000270
25013001000759
25013001000761
25014001000514
25015001000290
25015001000293
25015001000669
25017001000330
25018001000105
25020001000054
25020001000213
25022001000133
25022001000340
25022001000347
25022001000456
25022001000460
25022001000467
25022001000469
25024001000097
25024001000153
25024001000176
25024001000537
25024001000662
25027001000082
25027001000310
25027001000410
25027001000600
25027001000612
25028001000980
25029001000451
25029001000456
25029001000499
25029001000567
25030001000364
25031001000191
25033001000005
25033001000006
25034001000461
25034001000724
25034001000766
25035001000090
25035001000215
25036001000088
25036001000282
25036001000772
25036001000791
25037001000960
25038001000449
25041001000154
25041001000171
25041001000274
25043001000208
25043001000896
25044001000563
25044001000656
25045001000604
25048001000262
25049001000432
25049001000627
25049001000768
25050001000158
25050001000521
25051001000673
25051001000800
25051001000856
25052001000125
25052001000141
25052001000268
25054001000024
25055001000960
25056001000135
25056001000157
25056001000758
25056001000773
25057001000069
25057001000452
25057001000947
25058001000003
25059001000746
25062001000315
25062001000724
25062001000753
25062001000868
25062001000940
25063001000139
25063001000497
25063001000711
25063001000774
25064001000126
25065001000526
25067001000033
25069001000262
25069001000862
25071001000282
25072001000140
25072001000177
25072001001022
25073001000560
25073001000569
25073001000632
25076001000169
25076001000264
25076001000282
25076001000372
25077001000204
25078001000013
25078001000381
25078001000507
25078001000668
25078001000674
25078001000711
25079001000252
25079001000269
25079001000617
25080001000327
25080001000776
25080001000792
25080001000815
25080001000823
25081001000035
25082001000032
25082001000059
25082001000065
25083001000425
25083001000510
25084001000221
25084001000289
25084001000821
25085001000218
25085001000292
25085001000298
25085001000382
25085001000801
25086001000402
25086001000418
25087001000149
25087001000612
25087001000741
25091001000669
25092001000228
25092001000233
25092001000240
25092001000246
25092001000252
25092001000264
25092001000381
25092001000684
25093001000111
25094001000492
25094001000509
25094001000800
25097001000073
25097001000078
25097001000125
25097001000146
25097001000747
25098001000159
25098001000478
25098001000664
25098001001129
25099001000422
25099001000458
25099001000826
25100001000012
25100001000034
25100001000883
25102001000082
25104001000288
25104001000365
25104001000411
25104001000415
25105001000882
25106001000093
25106001000348
25107001000236
25107001000281
25107001000496
25107001000621
25108001000340
25110001000031
25111001000040
25111001000217
25112001000218
25113001000160
25113001000778
25114001000067
25114001000097
25114001000611
25115001000136
25115001000138
25115001000149
25115001000313
25115001000837
25116001000124
25118001000464
25118001000469
25118001000492
25118001000547
25118001000826
25119001000261
25119001000468
25119001000684
25119001000781
25119001000785
25120001000596
25120001000913
25120001000986
25121001000539
25122001000136
25122001000554
25125001000372
25125001000693
25126001000198
25126001000560
25126001000863
25126001000932
25126001000943
25126001000954
25127001000433
25127001000564
25127001000873
25128001000115
25128001000607
25128001000823
25128001000825
25129001000097
25129001000645
25129001000689
25131001000040
25132001000547
25133001000146
25133001000151
25133001000160
25133001000426
25133001000432
25133001000544
25133001000575
25133001000653
25134001000359
25134001000572
25134001000653
25135001000400
25135001000409
25135001000421
25135001000430
25135001000547
25135001000584
25135001000711
25135001000805
25135001000820
25135001000832
25135001000849
25135001000856
25135001000867
25135001000917
25135001001031
25135001001035
25135001001057
25136001000726
25136001000754
25136001000805
25136001000904
25136001000915
25136001000916
25139001000249
25139001000329
25139001000357
25139001000438
25139001000701
25139001000901
25140001000338
25140001000532
25140001001006
25140001001010
25140001001012
25140001001026
25142001000545
25142001000784
25142001000786
25143001000193
25143001000257
25143001000313
25143001000433
25143001000443
25143001000467
25143001000474
25147001000030
25147001000073
25147001000462
25147001000581
25147001000652
25150001000136
25150001000511
25150001000558
25153001000198
25155001000150
25155001000887
25156001000239
25156001000355
25156001000639
25156001001014
25157001000344
25157001000394
25157001000429
25157001000732
25157001000821
25160001000734
25160001000783
25160001000786
25161001000480
25161001000789
25162001000289
25163001000405
25165001000031
25165001000032
25167001000557
25168001000055
25168001000156
25168001000439
25168001000860
25171001000606
25174001000503
25174001000536
25174001000558
25175001000124
25175001000364
25175001000734
25175001000964
25177001000085
25177001000222
25177001000226
25177001000453
25177001000687
25177001000700
25177001000785
25177001000790
25178001000019
25178001000254
25178001000258
25179001000102
25181001000264
25182001000059
25182001000429
25182001000604
25182001000803
25182001000809
25183001000270
25188001000068
25188001000227
25188001000236
25188001000307
25188001000491
25189001000080
25190001000005
25190001000029
25190001000031
25190001000246
25190001000862
25191001000216
25191001000231
25191001000288
25191001000414
25192001000354
25192001000482
25195001000252
25195001000601
25196001000133
25196001000137
25196001000204
25196001000665
25196001000701
25197001000268
25197001000681
25198001000270
25198001000681
25199001000200
25199001000312
25202001000265
25202001000267
25202001000268
25202001000274
25202001000277
25202001000279
25202001000281
25202001000282
25202001000284
25202001000287
25202001000289
25202001000293
25202001000355
25203001000641
25204001000165
25204001000377
25204001000391
25204001000415
25204001000579
25204001000616
25204001000866
25205001000266
25205001000468
25205001000654
25206001000658
25209001000106
25209001000441
25209001000473
25209001000663
25209001000704
25209001000707
25209001000709
25209001000714
25209001000718
25210001000142
25210001000220
25210001000547
25211001000044
25211001000113
25211001000238
25211001000552
25211001000811
25211001000823
25212001000170
25212001000441
25213001000143
25216001000131
25217001000166
25217001000640
25217001000688
25218001000523
25218001000685
25219001000243
25219001000250
25219001000383
25219001000392
25219001000683
25220001000326
25220001000447
25224001000331
25224001000651
25225001000315
25225001000506
25226001000432
25227001000054
25227001000140
25227001000285
25227001000383
25230001000337
25230001000353
25231001000220
25232001000242
25232001000385
25233001000325
25233001000336
25233001000515
25233001000519
25233001000528
25233001000709
25234001000466
25234001000535
25237001000153
25237001000158
25237001000356
25237001000437
25238001000290
25239001000164
25239001000237
25239001000569
25239001000649
25240001000074
25241001000038
25241001000046
25241001000149
25241001000172
25244001000097
25245001000215
25245001000261
25245001000619
25245001000696
25251001000546
25251001000589
25251001000736
25252001000327
25252001000335
25252001000340
25252001000531
25252001000587
25253001000126
25253001000292
25253001000412
25253001000448
25254001000551
25255001000283
25256001000013
25258001000397
25258001000485
25258001000518
25258001000540
25259001000404
25259001000432
25259001000571
25259001000716
25260001000228
25260001000388
25260001000396
25260001000402
25260001000484
25262001000183
25262001000218
25265001000030
25266001000477
25266001000877
25267001000479
25267001000503
25267001000511
25267001000719
25268001000356
25268001000390
25268001000839
25269001000268
25269001000280
25269001000454
25269001000464
25269001000661
25269001000675
25271001000072
25272001000346
25272001000480
25272001000621
25273001000484
25273001000680
25274001000054
25275001000390
25276001000014
25276001000015
25278001000040
25280001000296
25280001000359
25280001000374
25283001000258
25283001000266
25286001000170
25287001000053
25287001000055
25287001000093
25287001000219
25288001000266
25289001000033
25289001000073
25297001000143
25300001000050
25300001000114
25300001000244
25301001000131
25302001000275
25303001000129
25303001000237
25304001000164
25308001000033
25308001000200
25309001000023
25310001000037
25310001000119
25312001000029
25314001000175
25315001000119
25315001000165
25315001000252
25315001000289
25315001000335
25315001000338
25316001000254
25318001000078
25318001000388
25319001000022
25320001000038
25321001000135
25321001000156
25321001000465
25321001000796
25321001000797
25321001000798
25322001000210
25322001000369
25322001000377
25322001000403
25322001000602
25323001000486
25324001000190
25324001000515
25324001000533
25325001000140
25325001000151
25325001000166
25325001000227
25325001000339
25325001000822
25326001000032
25328001000670
25328001000675
25328001000713
25329001000401
25330001000372
25330001000448
25330001000463
25330001000681
25335001000171
25336001000556
25336001000614
25336001001039
25337001000834
25337001001044
25338001000648
25338001000866
25338001001063
25342001000422
25342001000548
25342001000637
25342001000641
25343001000111
25343001000122
25343001000756
25344001000112
25344001000562
25344001000659
25344001000925
25346001000065
25346001000137
25346001000225
25346001000235
25348001000097
25348001000098
25348001000102
25350001000687
25351001000778
25351001000893
25352001000008
25352001000775
25355001000032
25355001000148
25355001000162
25357001000023
25357001000278
25357001000332
25361001000058
25363001000103
25363001000273
25363001000408
25363001000425
25365001000075
25365001000159
25365001000161
25365001000338
26001001000031
26001001000033
26002001000216
26002001000278
26002001000279
26005001000628
26005001000629
26005001000632
26005001000668
26006001000077
26006001000082
26006001000679
26007001000131
26007001000281
26007001000287
26007001000494
26007001000501
26007001000655
26007001000680
26008001000215
26008001000507
26008001000595
26008001000653
26008001000747
26008001000776
26009001000084
26009001000244
26009001000719
26011001000141
26012001000181
26013001000285
26013001000704
26013001000771
26014001000153
26014001000293
26014001000400
26014001000617
26014001000816
26015001000100
26015001000504
26016001000450
26017001000026
26019001000318
26019001000326
26020001000471
26020001000800
26021001000272
26021001000625
26021001000741
26021001000884
26022001000233
26023001000530
26025001000044
26026001000405
26026001000415
26026001000425
26026001000521
26026001000598
26026001001016
26027001000280
26027001000468
26027001000594
26027001000627
26027001000645
26027001000686
26027001000715
26027001000722
26027001000839
26028001000467
26028001001120
26029001000298
26029001000303
26029001000314
26029001000379
26029001000934
26029001000947
26030001000268
26030001000598
26031001000090
26031001000091
26033001000126
26033001000157
26033001000421
26034001000252
26034001000254
26034001000265
26035001000383
26036001000154
26036001000189
26036001000471
26036001000478
26036001000480
26036001000482
26036001000487
26036001000489
26036001000491
26037001000161
26037001000226
26037001000726
26038001000030
26039001000034
26040001000251
26040001000271
26042001000071
26042001000080
26042001000487
26043001000298
26043001000413
26043001000532
26043001000533
26043001000546
26043001000552
26043001000559
26044001000079
26046001000118
26047001000536
26048001000492
26048001000666
26048001000737
26050001000159
26050001000446
26050001000812
26050001000816
26050001000909
26051001000334
26051001000461
26051001000586
26052001000143
26053001000023
26054001000342
26054001000740
26055001000716
26055001000861
26056001000063
26060001000021
26061001000751
26061001000852
26061001000877
26062001000258
26062001000330
26062001000389
26062001000732
26063001000318
26063001000497
26064001000550
26064001000682
26064001000712
26064001000719
26065001000221
26065001000231
26065001000410
26068001000437
26068001000980
26069001000256
26070001000169
26070001000265
26070001001052
26070001001103
26072001000471
26075001000182
26075001001041
26076001000518
26077001000041
26077001000043
26077001000320
26077001000367
26077001000389
26077001000451
26077001000583
26078001000110
26078001000172
26079001000045
26079001000424
26079001000465
26082001000199
26082001000207
26082001000294
26082001000939
26082001000997
26083001000403
26083001000844
26083001000862
26083001000867
26083001001058
26083001001081
26084001000439
26085001000630
26085001000669
26086001000568
26086001000580
26089001000493
26089001000679
26089001000693
26090001000100
26090001000441
26090001000549
26090001000558
26090001000559
26090001000596
26090001000798
26090001000805
26090001000944
26091001000151
26091001000186
26091001000874
26092001000786
26092001000816
26092001000820
26092001001000
26093001000248
26093001000276
26093001000370
26094001000006
26094001000078
26094001000120
26096001000267
26096001000360
26096001000371
26097001000095
26097001000471
26098001000101
26098001000568
26099001000083
26099001000375
26099001000785
26099001000853
26100001000004
26103001000291
26103001000782
26104001000135
26104001000677
26106001000189
26106001000589
26110001000159
26110001000251
26110001000675
26111001000437
26111001000632
26113001000185
26113001000195
26114001000243
26114001000347
26114001000548
26114001000713
26115001000051
26115001000052
26116001000017
26117001000194
26117001000326
26117001000778
26117001000878
26118001000001
26118001000125
26119001000149
26119001000807
